..252-

1011. 100, 0. 101, ar. 101, 10.
17. 22. 24. 162, 3. 17. 163, 4 00. 14
17. 164,12. 18. 173,10.18.
1Νο101110 129,11.
Nereides 77,17. 138,10.
Nereis 138, 22. 173,11. 19.
Nicostrata. 115, 17.
Nicostratus 59,12. 115, 5.

Nigidius 63, 13. 65, 20. 68,18.
72,1. 74, 20. 80, 8. 81, 20. 8513.
87,11. 9010. 122, 6. 126,1. 127,
9. 131, 9. 135, 5.154, 1. 156, 8.

100, 0. 1001. 1110100111.

Nilus 81, 10. 98,8 145,6. 21. 150,
’13. 19. 175, 6 sq. 13 80. 237, 26.

238, 3
Ν111010 Χ00) 98,13. 176, 3.
Nisaeus (Niseus) 63,17. 166, 5.

nixus 189, 9. 190,10. 22. 191, 3. 9.

12.

000100 aestiuas 51001001000000214,

11.
'notium signum 95,16.
notius circulus 68,17.

010010 81, 16. 18 00.
nctus 202, 6.

nox cl. 1100100 188, 7. 9Ι 12. 17. 192,
28 193, 4. 14. 221, 7. 231, 2. 4. 7.

,11.

breuissima 206, 8.
Numa 212, 1.

‘nuntius' Sophronis mimus 55, 7.

109, 17.

nuptiae louis 01 Ιο00010 60,10. 117,

2. 14.

Liberi 01 Ariadnes 62,1. 119,

11. 10010.
00111000 Iouis 5915. 115, 9.
nibal 100. 100, 0. 0110. ,

nutrix Iouis 5011. 115, 4. 17. 134,

18. 155, 22.
Musarum 90, 3. 15. 159, 3. 12.
nymphae Dodonides 75, 3. 136, 6.

Idaeae 5011. 115, 4.

oceanus 198, 9. 22213.
Oceanus 75,10. 90, 15 159,,13.
178, 4.

, oeuochous 85,10.

Oenomaus 74, 3. 76,11. 83,17. 134,
10 150, 7.

Oenopion 92,18 00 93, 4. 163, 7.
164,100.

01000 212,15. 213, 3.

ὄνοι 7013. 71,17. 129,4 13012.

0011100600 (00110000)188,25. 189,
11. 190, 16. 21. 191, 12. 24.

ὀφιοῦχος 122, 4.

00010 94,19. 95,4 6. 168, 7. 11.

000 (0010) 104, 6. 187, 8.

010 Nili 98,13.

oracula Sibyllae 212, 9.

orbes qui sidera cingunt 216,14.
17. 217, 8. 1400. 19. 21813.

orientales 114,15.

Orion 63, 10 00. 14. 21, 64, 4. 8. 93,

0010. 04, 1. 0000010. 0011. ’

98,6.102,2. 109, 2 00. 7. 1222
0017. 142, 19. 149, 9. 17. 158,14.
01. 1001000.οοεο 101, ura. 01.
100, o. 14. 101, 10 sq. 11010011.
174, 3. 16. 182, 5. 21. 189, 1200.
19019. 191, 7. 11. 25. 192, 2. 204,
5. 13. 20511. 206, 11. 17 sq. 210,
7. 2251316. 231,13. 235, 32.
236, 30. 237, 6. 27.

Orionis balteus, gladius, zoua u.
hinnu.

Orpheus 84, 3. 151, 5. 15.

01011000 10000 86, 5. 154,15.

oscillum 67, 5. ’7. 169, 14.

00111100 58,18. 11312.

Ρο1100 109, 3. 174, 4. 10. 22.
Paeon 143, 4. 171

001000 215, 3. 5.

 

