..255-

sagittarius 89,18. 90,10. 91,1. 108,
24. 11613. 118, 13. 1581320.
22. 160, 8. 18. 184, 22. 187, 21. 25.
191,11. 192,15. 211,2.221,1. 225,
9. 226,11. 230,12. 15. 236,19.

enumerasset. raason 219, 6.

Samothraces 0616818. 127, 9. ⁰

sapientes mundi 191, 11.-

Satirus 129,19.

86161666 90,16. 99, 9. 17. 101, 5.
7. 177, 5. 18. 178, 2. 18313. 187,
8sq. 188,19.

Saturni stella s. sidus 103,3. 183,
6. 184, 12. 22. 24. 185, 3. 186,11.
18. 221,13. 224,1. 3. 226, 21. 227,
11. 228, 9. 17. 232, 7.

satyri 71, 7. 90, 3. 130, 6. 159,1.

scorpio 64, 3. 93, 8. 10. 122, 6 sq.
164, 5. 16. 166,13.

scorpio (signum) cf. scorpius 62,
13. 63, 14. 96, 7. 108,1.22. 120,
12. 20. 122, 12. 1581320. 164,
8. 170,9.177,3.16. 18421. 187,
25. 27. 191, 5. 204, 7. 223, 22. 224,
12. 225, 7. 227,13. 230,15. 233,
23. 231, 6.

σκορπίος 122, 5.

scorpius (-os) 61, 5. 7. 122,1.16.
189, 21. 23. 192, 13. 22610, -

septentrio 108, 6 sq. 123,19. 138,
18. 183, 2. 187, 2. 189, 7. 219,19.
224, 16. 227, 7. 230, 5.

minor 108,11. 221,'17.

septentrionale clima 77,15.

septentrionalis circulus 77, 5. 137,
11. 13819. 190, 7. 9. 191, 7.

01666 108, 9. 19010.

septentriones 60, 6. 17. 62, 11. 75,
18. 107,11. 117,11. 123, 8sq.19.
188, 5. 221, 6. 9.

Seriphos insula 82,13. 147, 8..

serpens 61, 4, 8. 63, 2. 5. 122, 20.

serpens (signum) 108, 8. 116,20.

118, 8. 18. 120,10.13.19.21. 121,
11. 15. 24. 188,25. 190, 17. 21. 221,
10, 233, 20. 23. 2313. ’
serpentarius 62,13sq. 107,17. 108, ,
1. 8. 20. 120, 12. 20. 192, 1. 224,

mmmsmm

Sibylla 212, 6.

Sicilia 154, 4.

’ 610616 errantia 182, 14. 197, 1227, 3.

Sidon 74,14. 135,’8.
Sidones 114, 5. 115, 20.

’ Sidonia 71, 15. 135, 9.

sigua aequinoctialia 107,11. ’ ,
biformia 107, 9. 13. 199, 8. 223,
16

duodecim 70,11. 122,12. 128,
12. 129, 2. 146, 3. 18210. 187, 23.
189, 20. 25. 225, 19. 226, 18. 230,
⁴13.
661106 107,9.12. 199, 9. 22317.
solstitialia 107,11.
tropica107,9sq.12. 199, 6. 223,
14.
sigua tempestatis uel serenitatis Α

cf. praesagia 163, 3. 13. 191,10
sq. 201,11sq.

‹ signifer circulus 106,15. 107, 3. 6.

183, 9. 17. 21. 181, 2. 8. 187, 18.
23, 188, 15. 18. 221, 7. 15. 18. 222,
2. 227,16.19. 228, 3. 230, 9. 13.
231, 10. 19. ,

signorum circulus 182, 9.

siguum musicum 92,12. 162, 7.

silurus 215, 7.

Sirius 61, 13. 95, 8. 166,23. 167, 2,
12. 11. 22. 169,19. 170,17. 214,
11. 237, 7. ¹

Sisyphus 76,12. 83,18. 150, 7.

Socrates 109, 21 cf. 55, 11.

Sofocles 77,17.

sol 106, 5 sq. 182, 9. 12. 18325. 184,
2. 9. 11. 17. 20. 21. 187,15.17. 188,
3. 20. 192, 28. 193, 5 sq. 191, 3sq.

 

