-251—

Maera canis 168, 21.
magnus canis 172,1.17.
piscis 176, 5. 17.
Maia 76, 9. 83,15. 149, 7. 150, 4Ι

maior cauis 102, 1. 5 sq. 181, 20. 23.

piscis 81, 18. 88, 18.

mala aurea 60,11. 61,3. 117,388.

15 sq. 118, 3 sq. 18.
mare 220, 1 sq.
mare rubrum 106, 7.

Μ818 76,11. 83, 17. 143, 6. 150, 6.

185, 19. 229, 10.

Martis sidus s. 8181181033. 183,
20. 184, 12Ι 21. 23. 185,16. 186,
18. 188, 20. 222, 1. 223, 22. 224,
2. 226, 22. 227,17. 228, 9. 229, 7.

232, 6.
materia 57, 9. ’

medicina 90, 18. 121, 1.16. 167,10.

178, 5. 8.

Medusa 83, 1. 148, 4. 15.

Μέδουσα 148,1.

Melanippo 79, 3. 141, 6. 16.

Memphis 8812. 157, 9. ‘

menses 1866- 214, 9. 229, 21.

mensis aquarii 153,16.
capricorni 155, 20, ’

Mercurialis cometa 186,18.

Mercurius 74, 3. 76, 9. 82, 4. 14. 83,
15. 84,1. 93, 15. 17. 96, 3. 102,
14. 10314 1341088. 145, 2. 16.
19. 147, 8. 19. 150,4.11.18. 151,
3881488. 164,11-14.19. 170,13.
18. 18512. 186, 6. 9. 229, 4. 21.

230, 2.

Mercurii sidus s. 8181810813. 184,
5152024. 186, 4. 188, 20. 222,
seq. 223, 21. 224, 3. 226, 22. 228,

5. 11. 229, 19. 2322

Methymnaeus Arion 165,1.’
miluus 204, 6. 8. -
mimus Sophronis 55, 7. ’109,17.
Μ188188 60,16. 73, 6. 77,10. 78, 9.
, 83, 2sq. 97, 13. 117,10. 132,16.
133288. 138, 2. 140, 3. 148, 2. 5.
’ 15- 172,2. 11 sq. 19.
Μ1888 62,4. 94,10. 120, 3. 14. 167,9.
Mnaseas de Europa 201,9.
Molorchus 72, 6. 131,14.

'monstra dextra 57, 8. 111, 2.

mundus 183, 2 sq.

Musa Calliope 84, 4.

Μ8888 55, 2. 83, 21. 84412. 90,
6. 8. 11. 92,12.109,12. 151, 5. 7.
16 sq. 152, 3. 159, 4. 6. 9. 162, 8.

Musarum filius 159,21.

8811111 90, 3. 15. 159212.

Musaeus 8413. 152, 4.

Musaeus 73, 8. 75,10. 13314. 136,
12. 150, 1.

musicum siguum 92,12. 162, 7.

Myrtilus agitator 74, 2. 134, 10.

Myrtilus (scriptor) 76, 2. 136,16.

mysteria 68,19. 127,10.

nauigantes quae obseruent sidera
112, 2. 115,1. 116, 4. 177, 2. 15.

nauigatio 65,12.Ι 125, 8. 150,16. ,

nauis 90,10. 91, 6. 97,14. 109, 6.
172, 218. 173,4. 189,14. 190,27.
237, 18 sq. 29.

Naxia regio 161,1.

Naxiacu Aglaosthenis 59,10. 115, 3.

Naxos 62, 8. 91, 20. 115, 6. 120, 7.
149, 4. 161¹, 2. 18. 20.

Nebula 80,1. 142,10.

nectar 85,11.

Nemea 72, 4. 13. 131, 11.·132, 4.

Merope 76,11. 83,18. 9218. 149, Nemesis 84, 21. 1521218.

7. 13. 21. 150, 7. 163, 7. 16. 175,

, 2. 236, 2.
messis 210,16.

Neptunus 70, 4. 7412. 7610. 77,
18. 80,3. 83,16. 86,11. 92, 2. 7.
16. 93,15. 135, 6. 139, 1. 15. 143,

 

