„2ffl..

Camenae 55, 4. 10914.

cancer 68, 9. 70, 6. 71,10.611.16.
105, 7. 107,12. 108, 4. 128, 8. 15
sq. 18. 23. 129,14. 130,10. 179,
22. 180,1. 182,19. 184, 20. 187,
24. 190,15. 192, 7. 204,4. 218,14.
223, 21. 22415. 225, 11. 226, 3.
230, 14. 235, 212.

cancri 215, 6.

canicula 86, 8. 15. 95,11. 17. 154,
18. 155,3. 161315. 18912190,
2023. 27. 191,11. 206, 13. 210,
mmmcmumomm.

caniculares dies 167, 4. 16.

cauis 64,13. 67,12. 9414611861.
95,11. 109, 5. 167, 22. 168, 2 sq.
7sq. 169, 1619. 203, 8. 20110.
11. 13. 206, 2. 207, 2. 212, 6. 213,
5. 225,15. 237, 7.

canis cauda 111, 20611. 114, 5. 20.
115,18. 233,18.

canis Europae custos 94, 9611. 167,
8611. 17611.

ι cauis Icarii 66,17. 67,10. 168, 20.
169,14.

canis magnus 172,1. 17.
Ι maior 102,1.’5. 182,1,17.

minor 206, 14.

canis Orionis 95, 9. 19. 102, 2. 167,
19. 170, 5. 182, 5. 21.

canis prior 102, 1. 4.

0611011116 6. Canobus (06) 98, 9. 175,
9. 17. 189,16. 237, 28.

capella 205,13. 20111. 208,8. 209,1.

66116116 Solis 11116 73,12. 13917.

caprea 134,17. 155, 22.

capra 73, 7. 74, 4. 7. 9. 13312. 14
sq. 134,15. 156, 2. 188, 24. 191,
15.

capricornus 87, 311. 89,12. 105, 6.

’16Μ6ω16ω666

228, 6. 230, 15.· 236, 14. 26.
mc
carbunculus 210,10. 215, 7.
Cassiepia 78, 2. 108,15.18. 138, 9.
21. 139, 312. 1731120. 189, 10.
191, 7. 224, 20.

ι Castor 68, 2. 69, 1. 127, 2. 11. 20.

9, 8.
cataclysmus (cataclismus) 85,14.
154, 2.
1061111166 9918. 16410.
caua luna 221, 12.

’ 06116110 163,17.

Celaeno 76110. 83,16. 149, 7. 150, 6.
Uolsinios 6. 6616611116 mons 122,
9. 166, 11.

Centaurus 79, 9. 89, 18. 90, 1. 91, 7.
100, 6. 108, 23:25. 158, 22. 159,
18. 178, 2 sq. 14. 180, 3. 14. 189,
114.191,4.10.13,17.19.21. 225,
8. 12.

centauri 158,·17. 159, 20.

centratus circu-lus 196, 6.

centron 199, 2. 223, 9.

centrum 66611 166, 23. 167,12.

60116 211,2. 5. ’
161166 211, 5.

Cephalus 94,11. 167,11. 186,1. 229,
15.

Cepheus 77,10. 108,11.15. 137,11.
21. 139, 12. 147,15. 158,14.21.

’ 173,10.19. 189,10. [190, 6] 190,
8. 191, 2. 6. 13. 224·,17.20.

06166 65,19. 125,14.22.

cetus 109, 9. 173, 9611. 17 sq. 174, 2.
-15.17. 189,13. 191, 2.·25. 192, 2.
225,17. 237, 22.

Chaldaei cf. 061166120413.

chelae 123, 4. 189, 22. 24. ’

107,11. 108,14. 118, 11. 155, 14 chella 6412.

sq. 19. 156, 4. 16210. 17623. 182,
4. 20. 184, 8. 22. 187, 25. 191,14.

1016111111116 mons 122, 7.
Chios 63,14. 92, 18. 122, 7. 163, 6.

16*

 

