-449-Ϊ-

Ι14114 147, 5. 203, 8. 204, 7. 206, 4.
207, 9. 211, 13. 213, 9.

iugula 93, 20. 109, 2. 4. 122,17. 162, .'

mmmmmmmm
mwmmmmmmwe
1013. 72, 2sq.·11 sq. 75, 6. 104,
4. 11912. 117, 2. 4. 7.14. 116, 3.
18. 128, 15. 129, 2. 4. 131,10.[12.]
132‚1sq. 136, 7. 187,4. 6. ·
1114114 414114 185,22.,229,14.
Iuppiter (Iupiter) 41. Iouis 55, 2.
4sq. 58, 7.9. 17. 60,10. 14. 62, 15
sq. 63,Ι 12. 16. 64, 5. 15 sq. 2265,
9.’67, 2. 68, 5. 69,9.18. 70, 4. 71,
4414ω1441444

sq. 22. 76, 8. 80, 5. 81, 8. 82, 6. 8. ’

83, 14. 84, 14. 19. 85, 2. 18. ·37,6
sq. 90, 8. 14. 91,11 41].17. 93,19.

> 9415.v 98, 2. 102,14. 104, 6. 109,
12. 14. 112,6.10. 113, 3. 11. 16. 21.
115, 1. 15. 20. 117, 2., 9. 14. 118,
10. 121, 4. 122, 1, 5. 11. 16. 123,
9. 11 sq. 20 sq. 124, 7. 17, 125, 3.
18. 127,5.18. 131, 6. 133, 1. 3.12.
16. 134, 2. 135, 5 sq. 11 eq. 19 sq.
136, 3. 141,14. 145, 219. 146,1.
3. 147,1.4.17. 149, 5. 150, 3.
152, 4. 1016. 153, 1. 11. 13. 18.
154, 6 eq. 1551741. 156,1.6. 159,

· 6. 11. 160,1.8,14.16.21. 161,9
sq. 18. 1641618. 166, 3. 5. 167,
18Ι 168, 3. 169, 4. 17314. 174,11.
1711018411. 178, 3. 1218. 185,
6.12.14. 187,8. 228, 21. 229,
3. 5.

Iuppiter: 441 56, 1. 8. 57,6. 110,1.
719.

441 percussus 57, 4. 110, 17.

4411141 56,1. 110,1.

Ammon eiusquefenum 144,4eq.

411114 57,10. 111,4.

bonerum omnium 44144 58, 2.
111, 11.

eaelum 55,11. 56, 2. 100, 21.
110,2. ·
Camenarum origo 55,5. 109,15.

eausa 114114 57,12. 111, 6.

Cretensis 59, 15. 115, 8.

deomm emnium princepe 55,
8.109,18.

Dodonaeas 70,14. 129, 5.

fabulosus 55, 9. 57,11. 109,,19.
111,5. ’

14114411411411114457, 14. 111,8.

Hammon 41. Ι. Ammon 80,14.

4114141111 801541. . Α

14114 aduersus 11411414 57 , 15
41111944. ’

Lycaeus 58,15. 113, 9.

1141114114 55, 10 sq. 109, 19 sq.

parens 86,11. 154, 21.

parens omnium, hominum deo-
rumque ¹582 sq. 111, 12 sq.

spiritus per materiam 114141
57,10. 111, 3.

1144 plenae Ioue 57, 4. 13. 110,
17.111,7. χ

uox 57,2eq. 110,15.

Iouis nutrices 59,15. 115, 8.
nutrix 59,11. 115,3.17. 134,
18. 155, 23.
4131111411041603. .
Iouis (Iuppiter) 414114 41. Iouis 102,

16. 183, 16. 184, 13. 22. 24. 185,

815. 1861217. 221,17. 224,1.

3. 227, 14. 228, 1022. 232, 7.

Iustitia 65,10. 21. 125, 4. 7. 19. 21. Ι

mmmm

mmmmm

labyrinthus 62, 7. 120, 6.
Lacedaemon 76,'9. 83,15. 1’50,5.
Lacedaemonia 12121.

1441414 circulus 104, 2. 182,1.17.
186, 25. 1881. 210,17. 211, 1 sq.
230, 4.

 

