..2ss -

203, 3. 204, 6.11. 16. 205, 9. 206,
1.17. 207,9.14. 208, 6. 209, 2. 9.

augumento 16666 200,16.

auguria auium 57, 8. 111, 2.

aurea mala 60,11. 61, 3. 117, 366.
15 sq. 118, 3 sq. 18.

aurea 6. 666616 661116 143, 1. 7. 19.

aureum saeculum 65,14. 125,10.
666666 imber 82,12. 147, 2. 18.

auriga 133,13.

Α66666 186,1. 229,15.

666166 107,15. 129,17. 183,1. 187,
2. 104, 16. 216, 3. 217, 7. 218, 18.
219, 20. 220, 7. 224, 7. 227, 6. 230,
5. 231,18.

666166 616116 238, 5.

australis circulus 105, 2. 108, 25.
166666666

ordo 108, 21. 225, 6.
66166 111,16. 118,17.231,16.
16661666 61666166 10616.

austronotius polus 231, 16.

autumnale aequinoctium 106,1. 226,
10.

6616616166116 temperies 188, 13.
231, 8.

66166161666 [195, 17.] 200, 3. 207,
12. 215, 10.

bacchae 84,11. 152,1.

Bacchus 120, 15.

balteus Orionis 94, 7. 166, 20.

Βαμβὺκη stagnum 98,17.

66666 Apollini nulla 19612.

Bassarides 152, 14.

Β611666166(166) 141, 75.

Β61666166166 s. Bellerofon(tes) 79,
2. 141, 5.

Β6166 172, 7.

Β66661666 661666 72, 20. 132,12.

666116 108, 24. 179,17, 225, 9.

6661166 666 deis obseruant Aegyp·
tii 88, 3. 15613.

bestiola 100, 8. 179, 8. 10.

61166616 signa 107, 9. 13. 199, 8.
mmo

biga Lunae 199, 21. 200,15.

bissextus dies 193,11.15.

Β16166611 63,17. 166, 5.

iBoeciuice (boecmice) stagnum 176,
7. 19.

Boeotia 204,12. 205, 9.

bolides planetae 186, 21.

66116 186, 22.

Bootes (Bootis) 64, 24. 123, 7. 18.
124, 9. 125,1.16. 189,8. 190,18.
22. 191. 3. 23. 234, 19.

666666 66166 231,15.

666166616616 81, 15.17.19.

66666 Apollinis 84, 1. 150,12.

bruma 203, 2.

brumalis circulus 188,13. 231,8.

brumalis tropicus circulus 106,16.

Β6661116 143, 9.

icaballum 93, 2. 163, 9.

Cadmus 76, 3. 136,16.

caelulum 189,14.

caelum 56, 1. 3. 109, 21. 110, 2.

66611 centrum 166,23. 167,12.

6166611 104, 2. 105, 1.
cursus 198,10. 221,266. 222,
14.

hemisphaeria 187, 13.

sphaera 111,15.

066666 203,2. 5. 204,1.4.6.10.13.
205, 1.8.12.16. 206, 2. 3.7.10. 207,
811. 208,1.2.8.14. 209,3. 5. 7.
16. ’ =

Caldaei 187, 26. 20616.

Callimachus 96, 9. 170,11.

06111666 84, 3. 151, 6. 16.

Callirrhoe 153,10.

06111616 58,10. 64,15. 112, 4. 113,
4. 123, 10. 20.

66166 genitalis 198,13. 222,17.

 

