„yw-

lucus Triton 82,18.

Lucruius fons 70, 7.

isac 151‚12.

- 11111111118620.

Lampetie 175, 3.

Lamprus 196, 1. 1.

1111 86, 2.

1113115111.

Lsiinu 67,1. 93, 20. 182, 14. 227, 3.

Latini 145, 1. 18. 149, 2. 11. 163,1.
11. 167, 315.

latitudines 232, 3.

Latona 93, 6. 10.

Latonia uirgo 200,11.

1111115212. ,

Lcmnus 93,1. 163, 9.

111 62, 9111. 72,2.14. 108, 3. 118,
11. 11. 17. 120, 8. 17. 125, 2. 17.
fflcmwmumuffimu
182, 3. 20. 184, 20.,187, 24. 190,
20· 192, 10. 203, 11. 207, 3. 10.
223, 21. 221,11. 225, 11. 226, 5.
227, 18. 23011. 235, 7.

lepores in Lunum insulnm invecti
981311. 171, 2 sq.

lepus qusmsdmcdum pariat 96, 4.
170,15.20.

lepus 96, 2. 8. 97, 5. 109, 4. 170,1
11117. 171,12. 171, 20. 179, 7.
18913. 190, 23. 225,11. 237, 14.

Lernaeus 11111 ci. Lucinius 1. 128,
11.

Leros insulu 96,13. 171, 2.

11111511 monins 8113. 152, 3.

Lesbos 7221. 132,13 ἱ

Liber 61, 17. 62, 4. 66, 7. 67,1. 70,
13. 71, 6 75, 8. 80, 10. 13 sq. 84,
811. 119,13. 120, 3. 1291. 130,
6. 136, 9. 112,11. 143,11. 111, 2
sq. 149, 5. 152, 1. 16811 169, 3.

Liber paics 120,15. 129,19. 136,
13. 151, 11. 21. 152,11.

Liberi 1111111111 75, 2. 136, 5 cl· 18.

lmunmsmnms
1nmummuunnws
uumnmnmm

'msmu

Licsun112‚8. ·
1111111754.
litteras 90,19. 211,17.
Lucanus 18813.
lucifer 183, 25 sq. 228,1 sq-
Lucins 200, 5.
ludi gymnici 7213. 1321.
quinquennales 99,11. 177, 7.
luligu 220, 7.
lnnu 182, 12. 181, 20. 23. 188, 20.
191, 7. 9. 195, 14. 192111. 198,
2 sq. 199, 15. 17. 21. 200, 3. 8. 10.
13. 201, 712. 15. 202, 21. 211,
8. 214,16. 217,1. 1018. 218,1.
221, 8. 222, 7. 15. 223, 21. 224, 2.
226, 22. 227,1. 231, 20.
1111122112.
plena 217, 12. 19.
quartu 202, 6 sq. 217, 1. 5. 8. 21.
Lunu 72, 2. 131,10.
lunss nugamenta 20018
1113119921 20015.
coruus 217, 11.
1111111111 200, 19. 201, 3.
detrimenta 200,18.
1111200111. ,
Lycsci Iouis templum 58, 15. 113, 9.
Lycaeus mons 64, 22. 1216.
Lycson 11. 11111111 58,5.14. 64,
1618. 1121. 113, 820. 12311.
21. 121,1 sq. 18.
Lycurgus 75, 5. 136, 6. 149, 1.
Lycus 76,11. 8317. 150, 6.
Lynceus 173, 2.
lyru 83, 21. 1081018. 150,10.17.
189, 9. 190, 1221. 191,13. 225,
1. 236, 5.
lyru Amphionis 127, 9.

 

