-, 545 -

Filiscus 70,15.
lixae stellae s. 1155516555 221, 1. 3.

227, 2.

Floralia 211,20. 212, 8.

flumen 191, 2.

055155 109, 2. 173, 9. 17. 174, ’2. 15.
20. 192, 2. 225,13.

155055 99,12. 177, 8.

Foenice 114,19. 135, 20.

Forcus 147, 10.

formica 21412. .

Fortuna, 65,19. 125, 15. 22.

Frixus 142, 21. 143,18.
fusio eques 515055158512. 87,1.
urnae 98,17.

gelenius (ees) 186, 25. 230, 4.

Ganymedes 85, 9. 91, 16. 153,9.17.
160, 8.

gemini Ι63, 5. 9. 69, 214. 108455.

109, 7. 114, 10. 14. 127, 6.11.20.Ι

134,12.17. 180,14.182,3.19. 184,
21. 187, 20. 24. 191, 25. 192, 26.
211, 2. 223, 22. 22415. 225, 16.
226, 2. 230, 11. 14. 23512.

†geniculatorem 78, 22. 141,1.

15 qui in geniculo 5151108918.
225,1. “

genitalis 55155 19813. 222,17.

55555 211,7.

gentiles 129,13.18. 130,18. 134,
20. 149,17. 15017. 15317. 167,
16. 17018. 176,18. 178, 20. 180,
15. 185, 2. 195, 4. 199, 14 sq. 228,
16.

Goon cf. Gyen, Gion 175, 6.

gigantes 60, 15. 71, 6. 8 sq. 130, 5.
sq. 19sq.

, 0155 23727.

6155558213. 83,5.8. 148121922.
235, 23. =

Gorgones 8216. 83, 1. 147,10.12.
21. 148, 4.

Gorgoneum capud 73,19. 134, 6.

mmmmmmmmmm
20. 182,14. 183, 7. 16. 20. 24. 184,
5. 186, 25. 195, 5. 196, 2. 6. 227,
3. 11. 17. 20.

Graeci 67, 6. 70,12. 111, 16. 114, 4.
129, 4. 144, 17. 24. 143214. 169,
13. 181, 23. 205, 6. 227,14.

Grai 189, 24.· ,

†Gurgonus 295, 27.

gymnici ludi 7213. 132, 4.

†Gyon 51. 1155517513.

haedi 73, 8. 74, 5. 7.10. sauls. 135,
1. 188, 24. 191,15. 2059. 209,1.
4. 210, 7.

haeduli 108, 6. 134,19. 135,17. 224,
16.

Hammon cf. Ammon 80,14.19.

Η51555 85,1. 153, 1.14. 219, 7.

Heliades 175, 1.

Η51155 59, 15. 111,19. 112, 1. 4. 8.
115,2.8.15.13. llus. 134,12.16.

Helicon 90, 5. 141, 2. 13. 159, 3.

Η5115 175, 3.

Helix 233, 3. 7112.

Helle 79,18. 80, 2. 142, 9. 21 sq.
143, 3.

Hellespontus 80, 3. 143, 3. 16.

hemisphaerio caeli 187,13.

heniochus cf. eniochus. 2093.

ἡνίοχος 135,1.

HeracleuPanyosidis61,1.118,
5. 12912.

Heraclides Ponticus 102, 12.
185, 9.

gladius Orionis 94, 7. 163,2.12. 166, Hercules 60,8.1lsq. 61, 25 sq. 9.

18. 21. 204, 13. 206, 2. 5. 7. 209,
10.

mummmmemmm
usmmmmmmmmu

 

