..244-

(lhiron 71111111. 99, 17. 100,
3. 178, 5. 7.·11.
Chironis 11111 79, 3. luto. 16.
chlorion 211,15.
1111111111 60,1.
chrysomellns 11111 113,12.
circenses stellae 116,17.
circuli caeli 101, 2. 105, 1. 106, 311.
190, 9. 221, 6.
παράλληλοι 105, 3.
planetarum 186,11. 188, 19.
solstitiales 105,1.,
tropici 105,1. 106, 9.

11111111 aequinoctialis 68,17. 105,

8. 106,5.11. 107, 1. 116, 9. 118,

10. ’128, 13. 182,2.18. 188, 5. 11.

211, 2. 230, 21. 231,6.

aestiuus 187, 20. 188, 1. 8. 11.
230, 1121. 231, 3. 9.

1111195,16.

aquilonius 105, 2. 108, 21.
225,6.

1111111177,7.137,13.23.138,12.

arcticus subterraneus 95,15.
170,1. ,

111111111 105, 2. 108, 25. 128,
13. 170, 2.

brumalis 188,13. 231, 8.

1111111111 196, 6.

hiemalis 188, 1. 6.

1111111101, 2sq. 182, 117186,
2511. 188, 1. 2101711. 230,1.

1111122113.

1111118817. Ι

septentrionalis 77, 6. 137,12.
138, 19. 190, 7. 191, 7.

111111110615. 107, 3.6. 183,9.

17. 21. 181, 2. 8. 1871823. 188,
1118. 221,7.15.18. 222, 2. 227,
· 16. 19. 228, 3. 230, 9. 13. 231,10.
’1911111111 182, 9.
solstitialis 190,11.

11111111111111111111 s. 1111111-
111 106, 9. 107, 1.

tropicus aestiuus 77, 7. 105, 6.
137,13. ’

tropicus australis brumalisque
1111110116.

tropicus hibernus 1111111111
68,17. 105, 5. 128,13. 170,1.

zodiacus u. 11. u.

cithara Amphionis 68, 7. ¹

citharae 1119118. 165, 2. 178, 8. -

1111161,15.

clima septentrionale 77,15.

Clymene 171, 8. 185,1. 228,18.

Colchi 79,18. 80,1. 113, 5.

columbae a Syris deorum potestate
decoratae 82,10. 116, 5.

cometes 186,15.

Mercurialis 186,18.

Cometes 119, 12. 21.

commissura piscium 20815.

conexio piscium 109, 9. 22117.

Corinthii 165, 2.

Corinthus 165, 913.

111111 99,12. 177, 8.

111111 (Ariadnes) 61, 17. 62,10.
108,7.10. 119,13.23.120,1.9.17.
189, 9. 190, 121120. 191, 3. 8.
206,16. 209, 2. 1. 221, 9. 225, 5.
233,19.

corona lunae 217,11. .

Coronis 75,1.

11111 219, 20.

coruus 100,13. 11111111. 109,1.
179, 15. 21. 180, 3. 1111. 181, 1.
711. 189,12. 225, 19.

111111 100,19. 101,1. 11. 17. 179,
21. 181,6.12. 18912. 191,19.

1111111 190, 27.

01111155,11.11.109,21.56,8.110,7.

1111111 55, 6. 109,16.

101111111131111111111111111152,

13.153,11.

 

