⁶2ffl·—

8. 1952 sq. 10011. 197. 1. 3. 5. 8. 1111111100Ι qni per materiam manat

100301111215011. 199,16.21.

57,10. 111, 3.

202, 2. 203, 8. 207, 2. 6. 211, 2. 5. sponsae Dodoniades 136,19.

212, 310. 21515. 218, 2. atho.
, 8. 11 sq. 222, 1.8011.15.19. 223,

1011. 6. 21. 221, 3. 225, 20. 2252 stellae errantes u. errantes st. et

011.6011.11.13.15011.22.225119.
228, 1.1. 6. 8. 13. 229, 18. 230,7
01120. 232, 5. 8.
00111000818011.151,12011.152,11.
801952. 119, 918. 151, 20. 163,
1019. 161,1.185,8.199,15.228,
21. 235, 32.
Solis equi 19518011.
filia 73, 12. 13517.
111100 103, 2. 171, 8. 1851. 228,
18.
. quadrigae 73, 3. 133, 9. 20. 195,
11. ·
solida signa 107,9.12. 199, 9. 223,
17.
solstitiales circuli 1051.
solstitialia signa 10511.
001011110110 01100100 190,11.
aestiuus s. aestiualis 106, 9.
’ 1011.
solstitium (solistitium) 206, 8. 10.
207, 3. 2151011. 211, 16.
aestiuum 1058138, 1220. 221,
15. 225, 5.
hibernum 0111010010 105, 6226,
11.

Sophocles cf. Sofocles 138, 9. 21.
Sophron in 01101055701110517.
sortes aequinoctiales 111, 9011. 116,

16.

Sositheus tragoediographus 90,
1. 159, 1. 20.

sphaera caeli 111, 15.

sphaerae inuolutio 221, 5.

spicae 11510, 12515.

spica (signnm) 67,19. 108, 3. 126,
17. 20513. 221, 11.

statio matutina 190,16. 2251.
postmeridiana 190,20. 223, 5.

'errantia sidera 227, 2. ’
fixae 221, 1.3.
uagantes 198, 10. 222, 11.
Sterope 76,11. ⁶
Σθενώ 118, 1.

stilbon (0)100101010101000.

stoici 01, 0. 1111.

subterraneus arcticus circulus 95,
16. 170,1.

suculae 136,17. 137, 16. 201,15.
101, a. 1. 10. 1001111.

symposia 99, 13 01. 177,10. ’

Syri 82, 9. 99, 1. 116, 1. 176, 8. 10.

Syria 1451321511.

Syria 1-00) 1100821. 115, 13. 176, 20.

taurus 71, 13111. 75, 1. 76, 3. 5,-13.
77, 1. 80, 8. 81, 5. 96, 11. 108, 5.

109, 6. 131, 13. 17. 1351011. 18 ³

011. 135117. 137,1. 111, 9. 150,
15. 162, 12. 20. 131, 21. 1187, 21.
191, 23. 192, 21. 212, 3. 10. 223,
22. 221, 15. 22516. 2251, 230,
11. 236, 30.

Taurus 01000 87,13. 156, 5.

Taygete 10010, 15. 1101. 1111, o. ¹

Telchines 5511.
Telchinii 115, 7.
Tellus 93, 7. 161, 5.

tempestates 01, e. so,11. 11101.

210, 3. 213, 13. 215‚11.13.

terra106,3. 188, 7. 9. 12. 211, 5. 221, 1
· 9. 231, 2. 1. 7. .
Terra 60, 11. 73, 13 sq. 117, 3. 11. 1
· 122, 19. 132, 22. 131, 1. 161, 16.

terrestris uocatur Eridanus s. Nilus
98, 11. 17512.

 

