-248 -

4.19. 127,15. 128,1611.24. 129,
1. 131, 8. 12 sq. 21. 178, 10. 17.
187, 4. 234, 12.

Η1111111 111111 185,16. 229, 7.

Herodotus 56, 8. 110. 7.

Hesiodus 58, 5. 65, 9. 80, 2. 92,
18. 9320. 112, 4. 8. 125, 3. 18. 142,
8. 20. 163, 4. 14. 174, 6. 185, 7.
209,12.

Hesperides 117, 5.

Hesperidum horti 80, 7.

Hesperus 103, 9. 12. 186, 1. 3. 229,
14. ·

hexagonon 199, 6. 22313.

hiberni 1111111 211,15.

hibernum solstitium 105, 6. ·

hibernus tropicus 11111111 105, 5.

hiemale solstitium 22614.

hiemalis circulus 187, 20. 188, 4. 6.
230,11. 20. 231, 1.

hiemalis tropicus circulus 68, 17. 95,
15. 128,13. 170,1.

hiems 150, 15. 162, 14. 22. 188, 8.
[195,17.] 200, 2. 201110. 210, 15.
214,10. 231,3.

Hippocrene 79,1. 141, 3.

Hippodamia 150, 1.14.

Ἵππος 56, 6. 110, 5.

hirundo 204, 2. 20812. 220, 7.

Homerus 55, 2. 56, eff 357). 65,

· 1.109,12. 1112113571. 124, 9.

horae 83,19. 150, 8. 186, 8.

Η1111 62, 3.

horti Hesperidum 60, 711. 117, 4.
118, 2.

1111111 117, 4.

hortus deorum 117,15.

Hya 75,10. 13612.

Hyades 11. yades 75, 1. 7. 11. 15. 17.

76, 2. 4. 16. 136, 4. 8. 15. 137, 1. 3.
231, 18.

Hyas 75,12.

’ hydra oi. ydra 70, 7. 128, 16. 180, 21.

hydra 111111111. ydra.

hydria 128, 24.

hydroehoeus (111111) 85, 13. 154,1.
[ὑδροχόος 157, 10]
11111111109,1.189,12.190,23.191,4.
Hymettos 66,19. 169, 2.
Hypermestra 173, 2.

Hyrieus 76, 10. 83,16. 150, 6.

iaculum sagittarii 1581811. 160,
15 sq. 236, 2 sq.

Iason 69, 4. 127, 14.

Icarius s. Icarus 68, 810 sq. 15.
67, 2. 7, 11. 168,13.16.1911,169,
4111015.

Ide 87, 7. 15310. 155,17.

Idaeas nymphae 51111. 115, 4.

Idaei Curetes 59,14. 115, 8.

ignis 1111111111 adhibetur 91113.
177, 0.

imber aureus 8212. 147, 2. 18.

imbres aquarii 85, 8. 153, 9. 18.

11111111 pellis 69, 5. 12715.

inmortalitas animae 57,15.

intercalare Aegyptiorum reges ue·
tantur 88, 20. 157,18.

interlunium 211, 15. 213, 5. 214, 4. ·

10. 13.Ι 218, 4.

inuolutio sphaeras 224, 5.

Io 74, 21. 135, 22.

111) 23117.

11111 59, 7. 61,6. 64,17. 71,3. 73,
3. 74,14. 75, 6. 82,1. 91,19. 93,
1114. 9119. 118, 6. 121, 2. 17. 124,
1. 130, 3. 133, 11. 1519. 1357.
136, 8. 141, 4. 145, 16. 160, 10.
164, 6.11. 169, 5. 177, 5. 187, 4.

11111 (planeta) 188,20. 226, 22.

Isidorus iu naturalibus 101,3. ,
181,4.

Isis 88,19. 95, 8. 157,16. 169, 19.

11111 011111 oppidum 59,12. 115, 5.

 

