-258—.

11111111 Pmoi elipeus 118, 3. Y littora 13612.
umbilicus diei 196, 5. . yades 205,1.

10116111 160, 11. 11. ’ ydra 180, 11. .
’1101572 110,15. ydra (signum) 179, 15. 21.

uredo 21010. ydrus 190, 26. 131,10. 18111.
um 98,17. 109,1. 176,13. 17316. 1101111111 13613.
22512. Ypodamia 236, 3.
ursa 58, 8. 12. 19. 61, 21. 113, 26.
um (signum) 58,18. 102, 3. 113, Ζ11101011111116111157,10. 1104.
11. 1218. ⁴ Ζο11111(Ζο1111)68,6.127,8
maior 75, 1. Ζεὺς 56, 1. 7. 18. 110, 3. 6. 11.
minor 52, 5. 9. · zodiacus circulus 125, 2. 17. 127,
uua picta 215,·10. 21. 121112. 11313. 158, 15. 22.
Vulcanus 62, 5. 71,6. 73, 6. 8215. 176, 6. 18. 187, 23. 188,1.3. 189,
911· 1131. 11111 11111. 111, 1. 19. 113, 6. 8. 197, 1 11611.
19. 130, 6. 132, 16. 22. 133, 1. 5. 227,13. 230, 1319.
117, 9. 20. 163, 9. 185,17. 223, 3. zona Orionis 206,11.
111ρ1191,13.15.168,1111. zeti 127, 8.
’ zonae 106, 3.

 

