-00-

Cratinus tragoediarum scriptor
84, 21.

01606016 10066 20019. 201, 3.

Creta 6. 01616 59,12. 74,18.93,5.
115, 4. 19. 119, 14. 12014. 135,
1221. 163, 20. 164, 3.

Cretensis Juppiter 59,15.

0161106 001 conscripsit 62, 3. 120, 2.

crinis Ariadnae 62, 9. 120, 8. 16.

011066 Berenices Εὐεργέπιδος 72,

’ 29.182,12.

011006 virginum 0066 Lesbo perie-
runt 72, 21. 132,18.

010106 90, 3. 11. 159, 2. 8.

Crumissa insula 143,10.

Cupido 102,13. 139,13. 185,12.

Curetes Idaei 59,14. 115, 8.

00116166 0101 127, 21.

mmmamm

Cyclopes 91,10. 161,9. 177,19.

tCydropia 106, 6.

cygni 159,19. 16015. 175, 5.

cygnus s. cycnus 81, 19. 108,12.
17. 152,10.16. 189,9. 190, 25. 191,

1000000,
, Cygnus 178, 3.
Cyllenius 186,14.
Cynosura nympha 59,10. 1360. 115,
3. 7 60.
portus 61 1010065013. 115, 6.
cyon 67,12. 169,16.
Cyrene 86, 5. 154,14.
Cyrenas 86, 6. 154,15.

Danae 82, 12. 147,1.3.19.

Danaus 172, 760.

116061 'filiae 172, 860. 173160.

1161060οε 76, 8. 83,15. 150, 4.

deaSyrias.Syriae82,1.115,18.178,20.

defectio solis 221,12.

defectus 10066 198, 6. ·

061 (01, 0101) 55, 8. 58, 3. 60,10.
62,1. 71,6. 111,13. 117, 21460.

119,14. 130, 5 60. 141, 9. 145, 17.
153,13.19. 155, 2 60. 156, 2. 7 sq.
157,1sq. 158,1sq. 160,9.21. 177,
4. 17. 207, 6.
adiutores 95, 2. 168, 9.
60116166 127, 21.
gentilium 121118. 130,19.
Samothraces 68,18. 127, 9.
0601010 minister 186,19.
delphini 220, 8. 15.
delphinus Arionis 165, 8 sq. 166, 3.
delphinus (dalfinus, signum) 92, 6.
9. 108, 19. 162, 2. 4. 1015. 189,
11. 190, 24. 203, 57. 206, 5. 208,
1.10. 225, 2. 4. 236, 26.

‚delta littera 144, 17. 24.

deltoton 145, 1. 18. 189, 10. 191, 23.

> Derceto 98,18.

detrimenta lunae 20016.

1160061100 85, 14. 20. 154, 2. 9. 174,13.

0606 maximus Apis 88, 15. 157,12.

1116 106016 62,1.

diadema regum Aegyptiorum 89, 4.

diametron 199, 4. 223,11.

111606 58, 6 60. 1060. 59, 6. 63,15. ’
64, 2 60. 79, 9. 93, 6. 10. 96,10.
112, 5 60. 9 sq. 113, 4 sq.16. 19.
122, 8 60. 18. 125,18. 141,10. 20.
163, 21. 164, 4. 7. 1661260. 170,
11. 199,15. 200, 3760. 201,1.

uiarum praeses et uirgo 199, y

s .
016167 ige, 7. 9. 12. 17. 192, 27. 193,Ι
2.11.19. 194, 1. 195, 17. 221, 6.

231,2. 4. 7. 11.

. 0166 6001 193, 7 60. 1760. 197, 3.

anni Aegyptii 89,1. 157,18.
caniculares 167, 4. 16.
0166 longissimus 206, 8.
0166 mensis 197,460.
0161 umbilicus 196, 6.
111οο0106 57,11. 111,5,
Dionys(i)us 12015. 129,18.

 

